0.0 0.0 0.0 0.0 0.0 0.0 0.0 0.0 0.0 0.0 0.0 0.0 0.0 0.0 0.0 0.0 0.0 0.0 0.0 0.0 0.0 0.0 0.0 0.0 0.0 0.0 0.0 0.0 0.0 0.0 0.0 0.0 0.0 0.0 0.0 0.0 0.0 0.0 0.0 0.0 0.0 0.0 0.0 0.0 0.0 0.0 0.0 0.0 0.0 0.0 0.0 0.0 0.0 0.0 0.0 0.0 0.0 0.0 0.0 0.0 0.0 0.0 0.0 0.0 0.0 0.0 0.0 0.0 0.0 0.0 0.0 0.0 0.0 0.0 0.0 0.0 0.0 0.0 0.0 0.0 0.0 0.0 0.0 0.0 0.0 0.0 0.0 0.0 0.0 0.0 0.0 0.0 0.0 0.0 0.0 0.0 0.0 0.0 0.0 0.0
0.0 0.0 0.0634239196565645 0.12659245357374924 0.1892512443604102 0.2511479871810792 0.3120334456984871 0.3716624556603276 0.4297949120891717 0.4861967361004687 0.5406408174555977 0.5929079290546405 0.6427876096865394 0.690079011482112 0.7345917086575333 0.7761464642917568 0.8145759520503357 0.8497254299495144 0.8814533634475821 0.9096319953545183 0.9341478602651067 0.9549022414440739 0.9718115683235417 0.9848077530122081 0.9938384644612541 0.998867339183008 0.9998741276738751 0.9968547759519424 0.9898214418809327 0.9788024462147787 0.9638421585599422 0.9450008187146685 0.9223542941045814 0.8959937742913359 0.8660254037844386 0.8325698546347711 0.7957618405308323 0.7557495743542584 0.7126941713788627 0.6667690005162916 0.6181589862206051 0.5670598638627704 0.5136773915734063 0.4582265217274105 0.4009305354066136 0.34202014332566844 0.28173255684142967 0.22031053278654036 0.1580013959733499 0.09505604330418288 0.031727933498067656 -0.0317279334980683 -0.09505604330418307 -0.15800139597335008 -0.220310532786541 -0.28173255684142984 -0.3420201433256695 -0.4009305354066142 -0.4582265217274107 -0.5136773915734069 -0.567059863862771 -0.6181589862206056 -0.6667690005162918 -0.7126941713788635 -0.7557495743542587 -0.7957618405308321 -0.8325698546347717 -0.8660254037844388 -0.8959937742913363 -0.9223542941045817 -0.9450008187146687 -0.9638421585599422 -0.9788024462147787 -0.9898214418809328 -0.9968547759519424 -0.9998741276738751 -0.998867339183008 -0.9938384644612541 -0.984807753012208 -0.9718115683235417 -0.9549022414440737 -0.9341478602651064 -0.9096319953545182 -0.881453363447582 -0.8497254299495144 -0.8145759520503354 -0.7761464642917566 -0.7345917086575325 -0.6900790114821114 -0.6427876096865389 -0.5929079290546402 -0.5406408174555974 -0.48619673610046804 -0.42979491208917114 -0.3716624556603264 -0.31203344569848623 -0.2511479871810794 -0.18925124436040974 -0.12659245357374904 0.0
0.0 -0.0634239196565645 0.0 0.06342391965656449 0.12659245357374926 0.18925124436041021 0.25114798718107917 0.3120334456984871 0.3716624556603275 0.4297949120891716 0.4861967361004687 0.5406408174555976 0.5929079290546404 0.6427876096865394 0.690079011482112 0.7345917086575333 0.7761464642917569 0.8145759520503358 0.8497254299495144 0.8814533634475822 0.9096319953545184 0.9341478602651067 0.954902241444074 0.9718115683235418 0.9848077530122081 0.9938384644612541 0.998867339183008 0.9998741276738751 0.9968547759519424 0.9898214418809328 0.9788024462147787 0.9638421585599422 0.9450008187146685 0.9223542941045814 0.8959937742913359 0.8660254037844386 0.8325698546347714 0.7957618405308323 0.7557495743542584 0.7126941713788627 0.6667690005162916 0.6181589862206051 0.5670598638627709 0.5136773915734063 0.4582265217274105 0.4009305354066136 0.34202014332566844 0.28173255684142967 0.2203105327865408 0.1580013959733499 0.09505604330418288 0.03172793349806721 -0.03172793349806786 -0.09505604330418263 -0.15800139597335008 -0.22031053278654056 -0.28173255684142984 -0.34202014332566866 -0.4009305354066134 -0.4582265217274107 -0.5136773915734061 -0.567059863862771 -0.6181589862206053 -0.6667690005162918 -0.7126941713788629 -0.7557495743542582 -0.7957618405308321 -0.8325698546347713 -0.8660254037844388 -0.895993774291336 -0.9223542941045817 -0.9450008187146683 -0.9638421585599419 -0.9788024462147787 -0.9898214418809327 -0.9968547759519424 -0.9998741276738751 -0.998867339183008 -0.9938384644612541 -0.9848077530122081 -0.9718115683235417 -0.9549022414440739 -0.9341478602651064 -0.9096319953545182 -0.881453363447582 -0.8497254299495144 -0.8145759520503358 -0.7761464642917566 -0.7345917086575331 -0.6900790114821114 -0.6427876096865389 -0.5929079290546408 -0.5406408174555974 -0.4861967361004688 -0.42979491208917114 -0.37166245566032724 -0.31203344569848707 -0.2511479871810794 -0.18925124436041063 0.0
0.0 -0.12659245357374924 -0.06342391965656449 0.0 0.06342391965656452 0.1265924535737493 0.1892512443604102 0.2511479871810793 0.3120334456984871 0.3716624556603275 0.4297949120891717 0.4861967361004687 0.5406408174555976 0.5929079290546405 0.6427876096865394 0.6900790114821119 0.7345917086575333 0.7761464642917569 0.8145759520503357 0.8497254299495144 0.8814533634475822 0.9096319953545183 0.9341478602651067 0.954902241444074 0.9718115683235417 0.9848077530122081 0.9938384644612541 0.998867339183008 0.9998741276738751 0.9968547759519424 0.9898214418809328 0.9788024462147786 0.9638421585599422 0.9450008187146685 0.9223542941045814 0.8959937742913356 0.8660254037844386 0.8325698546347714 0.795761840530832 0.7557495743542584 0.7126941713788627 0.6667690005162916 0.6181589862206055 0.5670598638627704 0.5136773915734063 0.45822652172741013 0.4009305354066136 0.34202014332566844 0.28173255684142967 0.2203105327865408 0.15800139597334945 0.09505604330418199 0.03172793349806721 -0.03172793349806786 -0.09505604330418307 -0.15800139597335008 -0.220310532786541 -0.28173255684142984 -0.34202014332566866 -0.4009305354066142 -0.4582265217274107 -0.5136773915734069 -0.567059863862771 -0.6181589862206056 -0.6667690005162918 -0.7126941713788629 -0.7557495743542587 -0.7957618405308321 -0.8325698546347717 -0.8660254037844388 -0.8959937742913363 -0.9223542941045817 -0.9450008187146683 -0.9638421585599422 -0.9788024462147787 -0.9898214418809328 -0.9968547759519424 -0.9998741276738751 -0.998867339183008 -0.9938384644612541 -0.984807753012208 -0.9718115683235417 -0.9549022414440737 -0.9341478602651064 -0.9096319953545182 -0.881453363447582 -0.8497254299495144 -0.8145759520503354 -0.7761464642917566 -0.7345917086575325 -0.6900790114821114 -0.6427876096865389 -0.5929079290546402 -0.5406408174555974 -0.48619673610046804 -0.42979491208917114 -0.37166245566032724 -0.31203344569848623 -0.2511479871810794 0.0
0.0 -0.1892512443604102 -0.12659245357374926 -0.06342391965656452 0.0 0.06342391965656452 0.12659245357374924 0.18925124436041024 0.2511479871810792 0.3120334456984871 0.3716624556603276 0.4297949120891717 0.4861967361004686 0.5406408174555976 0.5929079290546405 0.6427876096865393 0.6900790114821119 0.7345917086575333 0.7761464642917568 0.8145759520503357 0.8497254299495144 0.8814533634475821 0.9096319953545183 0.9341478602651067 0.9549022414440739 0.9718115683235417 0.9848077530122081 0.9938384644612541 0.998867339183008 0.9998741276738751 0.9968547759519424 0.9898214418809327 0.9788024462147786 0.963842158559942 0.9450008187146685 0.9223542941045813 0.8959937742913359 0.8660254037844386 0.8325698546347711 0.795761840530832 0.755749574354258 0.7126941713788627 0.6667690005162916 0.6181589862206051 0.5670598638627704 0.5136773915734063 0.45822652172741013 0.4009305354066132 0.34202014332566844 0.28173255684142967 0.22031053278654036 0.15800139597334945 0.09505604330418244 0.031727933498067656 -0.03172793349806786 -0.09505604330418263 -0.15800139597335008 -0.22031053278654056 -0.2817325568414294 -0.34202014332566866 -0.4009305354066134 -0.4582265217274107 -0.5136773915734061 -0.567059863862771 -0.6181589862206053 -0.6667690005162915 -0.7126941713788629 -0.7557495743542582 -0.7957618405308321 -0.8325698546347713 -0.8660254037844388 -0.895993774291336 -0.9223542941045814 -0.9450008187146683 -0.9638421585599419 -0.9788024462147787 -0.9898214418809327 -0.9968547759519423 -0.9998741276738751 -0.998867339183008 -0.9938384644612541 -0.9848077530122081 -0.9718115683235417 -0.9549022414440739 -0.9341478602651068 -0.9096319953545182 -0.881453363447582 -0.8497254299495144 -0.8145759520503358 -0.7761464642917566 -0.7345917086575331 -0.690079011482112 -0.6427876096865389 -0.5929079290546408 -0.5406408174555974 -0.4861967361004688 -0.4297949120891719 -0.37166245566032724 -0.31203344569848707 0.0
0.0 -0.2511479871810792 -0.18925124436041021 -0.1265924535737493 -0.06342391965656452 0.0 0.06342391965656448 0.1265924535737493 0.1892512443604102 0.25114798718107917 0.3120334456984871 0.3716624556603275 0.4297949120891716 0.4861967361004687 0.5406408174555977 0.5929079290546404 0.6427876096865394 0.690079011482112 0.7345917086575333 0.7761464642917569 0.8145759520503358 0.8497254299495143 0.8814533634475821 0.9096319953545183 0.9341478602651067 0.954902241444074 0.9718115683235418 0.9848077530122081 0.9938384644612542 0.998867339183008 0.9998741276738751 0.9968547759519424 0.9898214418809327 0.9788024462147786 0.963842158559942 0.9450008187146685 0.9223542941045814 0.8959937742913359 0.8660254037844386 0.8325698546347711 0.795761840530832 0.755749574354258 0.7126941713788627 0.6667690005162916 0.6181589862206051 0.5670598638627704 0.5136773915734063 0.45822652172741013 0.4009305354066136 0.34202014332566844 0.28173255684142967 0.22031053278653995 0.15800139597334945 0.09505604330418288 0.03172793349806721 -0.03172793349806786 -0.09505604330418307 -0.15800139597335008 -0.22031053278654056 -0.28173255684142984 -0.34202014332566866 -0.4009305354066142 -0.4582265217274107 -0.5136773915734069 -0.567059863862771 -0.6181589862206053 -0.6667690005162918 -0.7126941713788629 -0.7557495743542587 -0.7957618405308321 -0.8325698546347717 -0.8660254037844388 -0.895993774291336 -0.9223542941045817 -0.9450008187146683 -0.9638421585599422 -0.9788024462147787 -0.9898214418809327 -0.9968547759519424 -0.9998741276738751 -0.998867339183008 -0.9938384644612541 -0.984807753012208 -0.9718115683235417 -0.9549022414440739 -0.9341478602651064 -0.9096319953545182 -0.881453363447582 -0.8497254299495144 -0.8145759520503354 -0.7761464642917566 -0.7345917086575331 -0.6900790114821114 -0.6427876096865389 -0.5929079290546402 -0.5406408174555974 -0.4861967361004688 -0.42979491208917114 -0.37166245566032724 0.0
0.0 -0.3120334456984871 -0.25114798718107917 -0.1892512443604102 -0.12659245357374924 -0.06342391965656448 0.0 0.06342391965656456 0.1265924535737493 0.1892512443604102 0.2511479871810793 0.3120334456984871 0.3716624556603275 0.4297949120891717 0.48619673610046876 0.5406408174555976 0.5929079290546405 0.6427876096865394 0.6900790114821119 0.7345917086575333 0.7761464642917569 0.8145759520503357 0.8497254299495144 0.8814533634475822 0.9096319953545183 0.9341478602651067 0.954902241444074 0.9718115683235418 0.9848077530122081 0.9938384644612541 0.998867339183008 0.9998741276738751 0.9968547759519424 0.9898214418809327 0.9788024462147786 0.963842158559942 0.9450008187146685 0.9223542941045814 0.8959937742913359 0.8660254037844386 0.8325698546347711 0.795761840530832 0.7557495743542584 0.7126941713788627 0.6667690005162916 0.6181589862206051 0.5670598638627704 0.5136773915734063 0.4582265217274105 0.4009305354066136 0.34202014332566844 0.2817325568414292 0.22031053278654036 0.1580013959733499 0.09505604330418244 0.031727933498067656 -0.0317279334980683 -0.09505604330418263 -0.15800139597335008 -0.220310532786541 -0.2817325568414294 -0.34202014332566866 -0.4009305354066142 -0.4582265217274111 -0.5136773915734061 -0.567059863862771 -0.6181589862206056 -0.6667690005162915 -0.7126941713788629 -0.7557495743542587 -0.7957618405308327 -0.8325698546347713 -0.8660254037844388 -0.8959937742913363 -0.9223542941045814 -0.9450008187146683 -0.9638421585599422 -0.9788024462147785 -0.9898214418809327 -0.9968547759519424 -0.9998741276738751 -0.998867339183008 -0.9938384644612541 -0.984807753012208 -0.9718115683235419 -0.9549022414440739 -0.9341478602651064 -0.9096319953545182 -0.881453363447582 -0.8497254299495144 -0.8145759520503354 -0.7761464642917572 -0.7345917086575331 -0.6900790114821114 -0.6427876096865389 -0.5929079290546408 -0.5406408174555974 -0.48619673610046804 -0.4297949120891719 0.0
0.0 -0.3716624556603276 -0.3120334456984871 -0.2511479871810793 -0.18925124436041024 -0.1265924535737493 -0.06342391965656456 0.0 0.06342391965656448 0.1265924535737492 0.1892512443604102 0.25114798718107917 0.31203344569848707 0.3716624556603275 0.4297949120891717 0.4861967361004686 0.5406408174555976 0.5929079290546405 0.6427876096865393 0.6900790114821119 0.7345917086575333 0.7761464642917568 0.8145759520503357 0.8497254299495144 0.8814533634475821 0.9096319953545183 0.9341478602651067 0.954902241444074 0.9718115683235418 0.984807753012208 0.9938384644612541 0.998867339183008 0.9998741276738751 0.9968547759519424 0.9898214418809327 0.9788024462147786 0.9638421585599422 0.9450008187146685 0.9223542941045814 0.8959937742913359 0.8660254037844386 0.8325698546347711 0.7957618405308323 0.7557495743542584 0.7126941713788627 0.6667690005162916 0.6181589862206051 0.5670598638627704 0.5136773915734063 0.4582265217274105 0.4009305354066136 0.34202014332566844 0.28173255684142967 0.2203105327865408 0.15800139597334945 0.09505604330418288 0.03172793349806721 -0.03172793349806786 -0.09505604330418263 -0.15800139597335008 -0.22031053278654056 -0.28173255684142984 -0.34202014332566866 -0.4009305354066142 -0.4582265217274107 -0.5136773915734061 -0.567059863862771 -0.6181589862206053 -0.6667690005162918 -0.7126941713788629 -0.7557495743542587 -0.7957618405308321 -0.8325698546347713 -0.8660254037844388 -0.895993774291336 -0.9223542941045817 -0.9450008187146683 -0.9638421585599419 -0.9788024462147787 -0.9898214418809327 -0.9968547759519424 -0.9998741276738751 -0.998867339183008 -0.9938384644612541 -0.9848077530122081 -0.9718115683235417 -0.9549022414440739 -0.9341478602651064 -0.9096319953545182 -0.881453363447582 -0.8497254299495144 -0.8145759520503358 -0.7761464642917566 -0.7345917086575331 -0.6900790114821114 -0.6427876096865389 -0.5929079290546408 -0.5406408174555974 -0.4861967361004688 0.0
0.0 -0.4297949120891717 -0.3716624556603275 -0.3120334456984871 -0.2511479871810792 -0.1892512443604102 -0.1265924535737493 -0.06342391965656448 0.0 0.06342391965656448 0.1265924535737493 0.1892512443604102 0.25114798718107917 0.3120334456984871 0.3716624556603276 0.4297949120891716 0.4861967361004687 0.5406408174555977 0.5929079290546404 0.6427876096865394 0.690079011482112 0.7345917086575333 0.7761464642917569 0.8145759520503358 0.8497254299495143 0.8814533634475821 0.9096319953545183 0.9341478602651067 0.954902241444074 0.9718115683235417 0.984807753012208 0.9938384644612541 0.998867339183008 0.9998741276738751 0.9968547759519424 0.9898214418809327 0.9788024462147787 0.9638421585599422 0.9450008187146685 0.9223542941045814 0.8959937742913359 0.8660254037844386 0.8325698546347714 0.7957618405308323 0.7557495743542584 0.7126941713788627 0.6667690005162916 0.6181589862206051 0.5670598638627709 0.5136773915734063 0.4582265217274105 0.4009305354066132 0.34202014332566844 0.28173255684143006 0.22031053278654036 0.1580013959733499 0.09505604330418244 0.031727933498067656 -0.03172793349806786 -0.09505604330418307 -0.15800139597335008 -0.220310532786541 -0.28173255684142984 -0.3420201433256695 -0.4009305354066142 -0.4582265217274107 -0.5136773915734069 -0.567059863862771 -0.6181589862206056 -0.6667690005162918 -0.7126941713788635 -0.7557495743542587 -0.7957618405308321 -0.8325698546347717 -0.8660254037844388 -0.8959937742913363 -0.9223542941045817 -0.9450008187146683 -0.9638421585599422 -0.9788024462147787 -0.9898214418809328 -0.9968547759519424 -0.9998741276738751 -0.998867339183008 -0.9938384644612541 -0.984807753012208 -0.9718115683235417 -0.9549022414440737 -0.9341478602651064 -0.9096319953545182 -0.881453363447582 -0.8497254299495144 -0.8145759520503354 -0.7761464642917566 -0.7345917086575325 -0.6900790114821114 -0.6427876096865389 -0.5929079290546402 -0.5406408174555974 0.0
0.0 -0.4861967361004687 -0.4297949120891716 -0.3716624556603275 -0.3120334456984871 -0.25114798718107917 -0.1892512443604102 -0.1265924535737492 -0.06342391965656448 0.0 0.06342391965656456 0.1265924535737493 0.1892512443604102 0.2511479871810793 0.3120334456984872 0.3716624556603275 0.4297949120891717 0.48619673610046876 0.5406408174555976 0.5929079290546405 0.6427876096865394 0.6900790114821119 0.7345917086575333 0.7761464642917569 0.8145759520503357 0.8497254299495144 0.8814533634475822 0.9096319953545184 0.9341478602651068 0.9549022414440739 0.9718115683235417 0.9848077530122081 0.9938384644612541 0.998867339183008 0.9998741276738751 0.9968547759519424 0.9898214418809328 0.9788024462147786 0.9638421585599422 0.9450008187146685 0.9223542941045814 0.8959937742913356 0.8660254037844386 0.8325698546347714 0.795761840530832 0.7557495743542584 0.7126941713788627 0.6667690005162916 0.6181589862206055 0.5670598638627704 0.5136773915734063 0.45822652172741013 0.4009305354066136 0.3420201433256689 0.28173255684142967 0.2203105327865408 0.15800139597334945 0.09505604330418288 0.0317279334980681 -0.03172793349806786 -0.09505604330418263 -0.15800139597335008 -0.22031053278654056 -0.28173255684142984 -0.34202014332566866 -0.4009305354066134 -0.4582265217274107 -0.5136773915734061 -0.567059863862771 -0.6181589862206053 -0.6667690005162918 -0.7126941713788629 -0.7557495743542582 -0.7957618405308321 -0.8325698546347713 -0.8660254037844388 -0.895993774291336 -0.9223542941045814 -0.9450008187146683 -0.9638421585599419 -0.9788024462147787 -0.9898214418809327 -0.9968547759519424 -0.9998741276738751 -0.998867339183008 -0.9938384644612541 -0.9848077530122081 -0.9718115683235417 -0.9549022414440739 -0.9341478602651064 -0.9096319953545182 -0.881453363447582 -0.8497254299495144 -0.8145759520503358 -0.7761464642917566 -0.7345917086575331 -0.690079011482112 -0.6427876096865389 -0.5929079290546408 0.0
0.0 -0.5406408174555977 -0.4861967361004687 -0.4297949120891717 -0.3716624556603276 -0.3120334456984871 -0.2511479871810793 -0.1892512443604102 -0.1265924535737493 -0.06342391965656456 0.0 0.06342391965656448 0.1265924535737492 0.1892512443604102 0.2511479871810793 0.31203344569848707 0.3716624556603275 0.4297949120891717 0.4861967361004686 0.5406408174555976 0.5929079290546405 0.6427876096865393 0.6900790114821119 0.7345917086575333 0.7761464642917568 0.8145759520503357 0.8497254299495144 0.8814533634475822 0.9096319953545184 0.9341478602651067 0.9549022414440739 0.9718115683235417 0.9848077530122081 0.9938384644612541 0.998867339183008 0.9998741276738751 0.9968547759519424 0.9898214418809328 0.9788024462147786 0.9638421585599422 0.9450008187146685 0.9223542941045814 0.8959937742913361 0.8660254037844386 0.8325698546347714 0.795761840530832 0.7557495743542584 0.7126941713788627 0.6667690005162916 0.6181589862206055 0.5670598638627704 0.5136773915734059 0.45822652172741013 0.4009305354066136 0.34202014332566844 0.28173255684142967 0.22031053278653995 0.15800139597334945 0.09505604330418288 0.03172793349806721 -0.03172793349806786 -0.09505604330418307 -0.15800139597335008 -0.220310532786541 -0.28173255684142984 -0.34202014332566866 -0.4009305354066142 -0.4582265217274107 -0.5136773915734069 -0.567059863862771 -0.6181589862206056 -0.6667690005162918 -0.7126941713788629 -0.7557495743542587 -0.7957618405308321 -0.8325698546347717 -0.8660254037844388 -0.895993774291336 -0.9223542941045817 -0.9450008187146683 -0.9638421585599422 -0.9788024462147787 -0.9898214418809328 -0.9968547759519424 -0.9998741276738751 -0.998867339183008 -0.9938384644612541 -0.984807753012208 -0.9718115683235417 -0.9549022414440737 -0.9341478602651064 -0.9096319953545182 -0.881453363447582 -0.8497254299495144 -0.8145759520503354 -0.7761464642917566 -0.7345917086575331 -0.6900790114821114 -0.6427876096865389 0.0
0.0 -0.5929079290546405 -0.5406408174555976 -0.4861967361004687 -0.4297949120891717 -0.3716624556603275 -0.3120334456984871 -0.25114798718107917 -0.1892512443604102 -0.1265924535737493 -0.06342391965656448 0.0 0.06342391965656448 0.1265924535737493 0.1892512443604103 0.25114798718107917 0.3120334456984871 0.3716624556603276 0.4297949120891716 0.4861967361004687 0.5406408174555977 0.5929079290546404 0.6427876096865394 0.690079011482112 0.7345917086575333 0.7761464642917569 0.8145759520503358 0.8497254299495145 0.8814533634475822 0.9096319953545183 0.9341478602651067 0.954902241444074 0.9718115683235418 0.9848077530122081 0.9938384644612542 0.998867339183008 0.9998741276738751 0.9968547759519424 0.9898214418809327 0.9788024462147786 0.963842158559942 0.9450008187146685 0.9223542941045814 0.8959937742913359 0.8660254037844386 0.8325698546347711 0.795761840530832 0.755749574354258 0.7126941713788627 0.6667690005162916 0.6181589862206051 0.5670598638627704 0.5136773915734063 0.4582265217274105 0.4009305354066132 0.34202014332566844 0.2817325568414292 0.22031053278654036 0.1580013959733499 0.09505604330418244 0.031727933498067656 -0.03172793349806786 -0.09505604330418263 -0.15800139597335008 -0.22031053278654056 -0.2817325568414294 -0.34202014332566866 -0.4009305354066134 -0.4582265217274107 -0.5136773915734061 -0.567059863862771 -0.6181589862206053 -0.6667690005162915 -0.7126941713788629 -0.7557495743542582 -0.7957618405308321 -0.8325698546347713 -0.8660254037844385 -0.895993774291336 -0.9223542941045814 -0.9450008187146683 -0.9638421585599419 -0.9788024462147787 -0.9898214418809327 -0.9968547759519423 -0.9998741276738751 -0.998867339183008 -0.9938384644612541 -0.9848077530122081 -0.9718115683235417 -0.9549022414440739 -0.9341478602651068 -0.9096319953545182 -0.881453363447582 -0.8497254299495144 -0.8145759520503358 -0.7761464642917572 -0.7345917086575331 -0.690079011482112 0.0
0.0 -0.6427876096865394 -0.5929079290546404 -0.5406408174555976 -0.4861967361004686 -0.4297949120891716 -0.3716624556603275 -0.31203344569848707 -0.25114798718107917 -0.1892512443604102 -0.1265924535737492 -0.06342391965656448 0.0 0.06342391965656456 0.12659245357374938 0.1892512443604102 0.2511479871810793 0.3120334456984872 0.3716624556603275 0.4297949120891717 0.48619673610046876 0.5406408174555976 0.5929079290546405 0.6427876096865394 0.6900790114821119 0.7345917086575333 0.7761464642917569 0.8145759520503358 0.8497254299495145 0.8814533634475821 0.9096319953545183 0.9341478602651067 0.954902241444074 0.9718115683235418 0.9848077530122081 0.9938384644612542 0.998867339183008 0.9998741276738751 0.9968547759519424 0.9898214418809327 0.9788024462147786 0.963842158559942 0.9450008187146685 0.9223542941045814 0.8959937742913359 0.8660254037844386 0.8325698546347711 0.795761840530832 0.7557495743542584 0.7126941713788627 0.6667690005162916 0.6181589862206047 0.5670598638627704 0.5136773915734063 0.45822652172741013 0.4009305354066136 0.34202014332566844 0.28173255684142967 0.2203105327865408 0.15800139597334945 0.09505604330418288 0.03172793349806721 -0.03172793349806786 -0.09505604330418307 -0.15800139597335008 -0.22031053278654056 -0.28173255684142984 -0.34202014332566866 -0.4009305354066142 -0.4582265217274107 -0.5136773915734069 -0.567059863862771 -0.6181589862206053 -0.6667690005162918 -0.7126941713788629 -0.7557495743542587 -0.7957618405308321 -0.8325698546347713 -0.8660254037844388 -0.895993774291336 -0.9223542941045817 -0.9450008187146683 -0.9638421585599422 -0.9788024462147787 -0.9898214418809327 -0.9968547759519424 -0.9998741276738751 -0.998867339183008 -0.9938384644612541 -0.984807753012208 -0.9718115683235417 -0.9549022414440739 -0.9341478602651064 -0.9096319953545182 -0.881453363447582 -0.8497254299495144 -0.8145759520503358 -0.7761464642917566 -0.7345917086575331 0.0
0.0 -0.690079011482112 -0.6427876096865394 -0.5929079290546405 -0.5406408174555976 -0.4861967361004687 -0.4297949120891717 -0.3716624556603275 -0.3120334456984871 -0.2511479871810793 -0.1892512443604102 -0.1265924535737493 -0.06342391965656456 0.0 0.06342391965656456 0.1265924535737492 0.1892512443604102 0.2511479871810793 0.31203344569848707 0.3716624556603275 0.4297949120891717 0.4861967361004686 0.5406408174555976 0.5929079290546405 0.6427876096865393 0.6900790114821119 0.7345917086575333 0.7761464642917569 0.8145759520503358 0.8497254299495143 0.8814533634475821 0.9096319953545183 0.9341478602651067 0.954902241444074 0.9718115683235418 0.9848077530122081 0.9938384644612541 0.998867339183008 0.9998741276738751 0.9968547759519424 0.9898214418809327 0.9788024462147786 0.9638421585599422 0.9450008187146685 0.9223542941045814 0.8959937742913359 0.8660254037844386 0.8325698546347711 0.7957618405308323 0.7557495743542584 0.7126941713788627 0.6667690005162914 0.6181589862206051 0.5670598638627709 0.5136773915734063 0.4582265217274105 0.4009305354066132 0.34202014332566844 0.28173255684143006 0.22031053278654036 0.1580013959733499 0.09505604330418244 0.031727933498067656 -0.0317279334980683 -0.09505604330418263 -0.15800139597335008 -0.220310532786541 -0.2817325568414294 -0.34202014332566866 -0.4009305354066142 -0.4582265217274111 -0.5136773915734061 -0.567059863862771 -0.6181589862206056 -0.6667690005162915 -0.7126941713788629 -0.7557495743542587 -0.7957618405308315 -0.8325698546347713 -0.8660254037844388 -0.8959937742913363 -0.9223542941045814 -0.9450008187146683 -0.9638421585599422 -0.9788024462147785 -0.9898214418809327 -0.9968547759519424 -0.9998741276738751 -0.998867339183008 -0.9938384644612541 -0.984807753012208 -0.9718115683235419 -0.9549022414440739 -0.9341478602651064 -0.9096319953545182 -0.881453363447582 -0.8497254299495144 -0.8145759520503354 -0.7761464642917572 0.0
0.0 -0.7345917086575333 -0.690079011482112 -0.6427876096865394 -0.5929079290546405 -0.5406408174555977 -0.48619673610046876 -0.4297949120891717 -0.3716624556603276 -0.3120334456984872 -0.2511479871810793 -0.1892512443604103 -0.12659245357374938 -0.06342391965656456 0.0 0.0634239196565644 0.1265924535737492 0.1892512443604102 0.2511479871810791 0.31203344569848707 0.3716624556603275 0.42979491208917153 0.4861967361004686 0.5406408174555976 0.5929079290546404 0.6427876096865393 0.6900790114821119 0.7345917086575333 0.7761464642917569 0.8145759520503356 0.8497254299495143 0.8814533634475821 0.9096319953545183 0.9341478602651067 0.954902241444074 0.9718115683235418 0.984807753012208 0.9938384644612541 0.998867339183008 0.9998741276738751 0.9968547759519424 0.9898214418809327 0.9788024462147787 0.9638421585599422 0.9450008187146685 0.9223542941045814 0.8959937742913359 0.8660254037844386 0.8325698546347714 0.7957618405308323 0.7557495743542584 0.7126941713788627 0.6667690005162916 0.6181589862206055 0.5670598638627704 0.5136773915734063 0.45822652172741013 0.4009305354066136 0.3420201433256689 0.28173255684142967 0.2203105327865408 0.15800139597334945 0.09505604330418288 0.03172793349806721 -0.03172793349806786 -0.09505604330418263 -0.15800139597335008 -0.22031053278654056 -0.28173255684142984 -0.34202014332566866 -0.4009305354066142 -0.4582265217274107 -0.5136773915734061 -0.567059863862771 -0.6181589862206053 -0.6667690005162918 -0.7126941713788629 -0.7557495743542582 -0.7957618405308321 -0.8325698546347713 -0.8660254037844388 -0.895993774291336 -0.9223542941045817 -0.9450008187146683 -0.9638421585599419 -0.9788024462147787 -0.9898214418809327 -0.9968547759519424 -0.9998741276738751 -0.998867339183008 -0.9938384644612541 -0.9848077530122081 -0.9718115683235417 -0.9549022414440739 -0.9341478602651064 -0.9096319953545182 -0.881453363447582 -0.8497254299495144 -0.8145759520503358 0.0
0.0 -0.7761464642917568 -0.7345917086575333 -0.6900790114821119 -0.6427876096865393 -0.5929079290546404 -0.5406408174555976 -0.4861967361004686 -0.4297949120891716 -0.3716624556603275 -0.31203344569848707 -0.25114798718107917 -0.1892512443604102 -0.1265924535737492 -0.0634239196565644 0.0 0.06342391965656456 0.12659245357374938 0.1892512443604102 0.2511479871810793 0.3120334456984872 0.3716624556603275 0.4297949120891717 0.48619673610046876 0.5406408174555976 0.5929079290546405 0.6427876096865394 0.6900790114821121 0.7345917086575334 0.7761464642917568 0.8145759520503357 0.8497254299495144 0.8814533634475822 0.9096319953545184 0.9341478602651068 0.954902241444074 0.9718115683235417 0.9848077530122081 0.9938384644612541 0.998867339183008 0.9998741276738751 0.9968547759519424 0.9898214418809328 0.9788024462147786 0.9638421585599422 0.9450008187146685 0.9223542941045814 0.8959937742913356 0.8660254037844386 0.8325698546347714 0.795761840530832 0.7557495743542577 0.7126941713788627 0.6667690005162916 0.6181589862206047 0.5670598638627704 0.5136773915734059 0.45822652172741013 0.4009305354066136 0.34202014332566844 0.28173255684142967 0.22031053278653995 0.15800139597334945 0.09505604330418199 0.03172793349806721 -0.03172793349806786 -0.09505604330418307 -0.15800139597335008 -0.220310532786541 -0.28173255684142984 -0.3420201433256695 -0.4009305354066142 -0.4582265217274107 -0.5136773915734069 -0.567059863862771 -0.6181589862206056 -0.6667690005162918 -0.7126941713788629 -0.7557495743542587 -0.7957618405308321 -0.8325698546347717 -0.8660254037844388 -0.8959937742913363 -0.9223542941045817 -0.9450008187146683 -0.9638421585599422 -0.9788024462147787 -0.9898214418809328 -0.9968547759519424 -0.9998741276738751 -0.998867339183008 -0.9938384644612541 -0.984807753012208 -0.9718115683235417 -0.9549022414440737 -0.9341478602651064 -0.9096319953545182 -0.881453363447582 -0.8497254299495144 0.0
0.0 -0.8145759520503357 -0.7761464642917569 -0.7345917086575333 -0.6900790114821119 -0.6427876096865394 -0.5929079290546405 -0.5406408174555976 -0.4861967361004687 -0.4297949120891717 -0.3716624556603275 -0.3120334456984871 -0.2511479871810793 -0.1892512443604102 -0.1265924535737492 -0.06342391965656456 0.0 0.06342391965656456 0.1265924535737492 0.1892512443604102 0.2511479871810793 0.31203344569848707 0.3716624556603275 0.4297949120891717 0.4861967361004686 0.5406408174555976 0.5929079290546405 0.6427876096865394 0.6900790114821121 0.7345917086575332 0.7761464642917568 0.8145759520503357 0.8497254299495144 0.8814533634475822 0.9096319953545184 0.9341478602651068 0.9549022414440739 0.9718115683235417 0.9848077530122081 0.9938384644612541 0.998867339183008 0.9998741276738751 0.9968547759519424 0.9898214418809328 0.9788024462147786 0.9638421585599422 0.9450008187146685 0.9223542941045814 0.8959937742913361 0.8660254037844386 0.8325698546347714 0.795761840530832 0.7557495743542584 0.712694171378863 0.6667690005162916 0.6181589862206055 0.5670598638627704 0.5136773915734063 0.4582265217274109 0.4009305354066136 0.3420201433256689 0.28173255684142967 0.2203105327865408 0.15800139597334945 0.09505604330418288 0.0317279334980681 -0.03172793349806786 -0.09505604330418263 -0.15800139597335008 -0.22031053278654056 -0.28173255684142984 -0.34202014332566866 -0.4009305354066134 -0.4582265217274107 -0.5136773915734061 -0.567059863862771 -0.6181589862206053 -0.6667690005162915 -0.7126941713788629 -0.7557495743542582 -0.7957618405308321 -0.8325698546347713 -0.8660254037844388 -0.895993774291336 -0.9223542941045814 -0.9450008187146683 -0.9638421585599419 -0.9788024462147787 -0.9898214418809327 -0.9968547759519424 -0.9998741276738751 -0.998867339183008 -0.9938384644612541 -0.9848077530122081 -0.9718115683235417 -0.9549022414440739 -0.9341478602651068 -0.9096319953545182 -0.881453363447582 0.0
0.0 -0.8497254299495144 -0.8145759520503358 -0.7761464642917569 -0.7345917086575333 -0.690079011482112 -0.6427876096865394 -0.5929079290546405 -0.5406408174555977 -0.48619673610046876 -0.4297949120891717 -0.3716624556603276 -0.3120334456984872 -0.2511479871810793 -0.1892512443604102 -0.12659245357374938 -0.06342391965656456 0.0 0.0634239196565644 0.1265924535737492 0.1892512443604102 0.2511479871810791 0.31203344569848707 0.3716624556603275 0.42979491208917153 0.4861967361004686 0.5406408174555976 0.5929079290546405 0.6427876096865394 0.6900790114821119 0.7345917086575332 0.7761464642917568 0.8145759520503357 0.8497254299495144 0.8814533634475822 0.9096319953545184 0.9341478602651067 0.9549022414440739 0.9718115683235417 0.9848077530122081 0.9938384644612541 0.998867339183008 0.9998741276738751 0.9968547759519424 0.9898214418809328 0.9788024462147786 0.9638421585599422 0.9450008187146685 0.9223542941045814 0.8959937742913361 0.8660254037844386 0.8325698546347711 0.795761840530832 0.7557495743542584 0.7126941713788627 0.6667690005162916 0.6181589862206047 0.5670598638627704 0.5136773915734063 0.45822652172741013 0.4009305354066136 0.34202014332566844 0.28173255684142967 0.22031053278653995 0.15800139597334945 0.09505604330418288 0.03172793349806721 -0.03172793349806786 -0.09505604330418307 -0.15800139597335008 -0.220310532786541 -0.28173255684142984 -0.34202014332566866 -0.4009305354066142 -0.4582265217274107 -0.5136773915734069 -0.567059863862771 -0.6181589862206053 -0.6667690005162918 -0.7126941713788629 -0.7557495743542587 -0.7957618405308321 -0.8325698546347717 -0.8660254037844388 -0.895993774291336 -0.9223542941045817 -0.9450008187146683 -0.9638421585599422 -0.9788024462147787 -0.9898214418809328 -0.9968547759519424 -0.9998741276738751 -0.998867339183008 -0.9938384644612541 -0.984807753012208 -0.9718115683235417 -0.9549022414440739 -0.9341478602651064 -0.9096319953545182 0.0
0.0 -0.8814533634475821 -0.8497254299495144 -0.8145759520503357 -0.7761464642917568 -0.7345917086575333 -0.6900790114821119 -0.6427876096865393 -0.5929079290546404 -0.5406408174555976 -0.4861967361004686 -0.4297949120891716 -0.3716624556603275 -0.31203344569848707 -0.2511479871810791 -0.1892512443604102 -0.1265924535737492 -0.0634239196565644 0.0 0.06342391965656456 0.12659245357374938 0.1892512443604102 0.2511479871810793 0.3120334456984872 0.3716624556603275 0.4297949120891717 0.48619673610046876 0.5406408174555978 0.5929079290546406 0.6427876096865393 0.6900790114821119 0.7345917086575333 0.7761464642917569 0.8145759520503358 0.8497254299495145 0.8814533634475822 0.9096319953545183 0.9341478602651067 0.954902241444074 0.9718115683235418 0.9848077530122081 0.9938384644612542 0.998867339183008 0.9998741276738751 0.9968547759519424 0.9898214418809327 0.9788024462147786 0.963842158559942 0.9450008187146685 0.9223542941045814 0.8959937742913359 0.8660254037844383 0.8325698546347711 0.7957618405308323 0.755749574354258 0.7126941713788627 0.6667690005162914 0.6181589862206051 0.5670598638627709 0.5136773915734063 0.4582265217274105 0.4009305354066132 0.34202014332566844 0.2817325568414292 0.22031053278654036 0.1580013959733499 0.09505604330418244 0.031727933498067656 -0.0317279334980683 -0.09505604330418263 -0.15800139597335008 -0.220310532786541 -0.2817325568414294 -0.34202014332566866 -0.4009305354066142 -0.4582265217274111 -0.5136773915734061 -0.567059863862771 -0.6181589862206056 -0.6667690005162915 -0.7126941713788629 -0.7557495743542587 -0.7957618405308327 -0.8325698546347713 -0.8660254037844388 -0.8959937742913363 -0.9223542941045814 -0.9450008187146683 -0.9638421585599422 -0.978802446214779 -0.9898214418809327 -0.9968547759519424 -0.9998741276738751 -0.998867339183008 -0.9938384644612541 -0.984807753012208 -0.9718115683235419 -0.9549022414440739 -0.9341478602651064 0.0
0.0 -0.9096319953545183 -0.8814533634475822 -0.8497254299495144 -0.8145759520503357 -0.7761464642917569 -0.7345917086575333 -0.6900790114821119 -0.6427876096865394 -0.5929079290546405 -0.5406408174555976 -0.4861967361004687 -0.4297949120891717 -0.3716624556603275 -0.31203344569848707 -0.2511479871810793 -0.1892512443604102 -0.1265924535737492 -0.06342391965656456 0.0 0.06342391965656456 0.1265924535737492 0.1892512443604102 0.2511479871810793 0.31203344569848707 0.3716624556603275 0.4297949120891717 0.48619673610046876 0.5406408174555978 0.5929079290546404 0.6427876096865393 0.6900790114821119 0.7345917086575333 0.7761464642917569 0.8145759520503358 0.8497254299495145 0.8814533634475821 0.9096319953545183 0.9341478602651067 0.954902241444074 0.9718115683235418 0.9848077530122081 0.9938384644612541 0.998867339183008 0.9998741276738751 0.9968547759519424 0.9898214418809327 0.9788024462147786 0.9638421585599422 0.9450008187146685 0.9223542941045814 0.8959937742913356 0.8660254037844386 0.8325698546347714 0.795761840530832 0.7557495743542584 0.7126941713788627 0.6667690005162916 0.6181589862206055 0.5670598638627704 0.5136773915734063 0.45822652172741013 0.4009305354066136 0.34202014332566844 0.28173255684142967 0.2203105327865408 0.15800139597334945 0.09505604330418288 0.03172793349806721 -0.03172793349806786 -0.09505604330418307 -0.15800139597335008 -0.22031053278654056 -0.28173255684142984 -0.34202014332566866 -0.4009305354066142 -0.4582265217274107 -0.5136773915734061 -0.567059863862771 -0.6181589862206053 -0.6667690005162918 -0.7126941713788629 -0.7557495743542587 -0.7957618405308321 -0.8325698546347713 -0.8660254037844388 -0.895993774291336 -0.9223542941045817 -0.9450008187146683 -0.9638421585599422 -0.9788024462147787 -0.9898214418809327 -0.9968547759519424 -0.9998741276738751 -0.998867339183008 -0.9938384644612541 -0.9848077530122081 -0.9718115683235417 -0.9549022414440739 0.0
0.0 -0.9341478602651067 -0.9096319953545184 -0.8814533634475822 -0.8497254299495144 -0.8145759520503358 -0.7761464642917569 -0.7345917086575333 -0.690079011482112 -0.6427876096865394 -0.5929079290546405 -0.5406408174555977 -0.48619673610046876 -0.4297949120891717 -0.3716624556603275 -0.3120334456984872 -0.2511479871810793 -0.1892512443604102 -0.12659245357374938 -0.06342391965656456 0.0 0.0634239196565644 0.1265924535737492 0.1892512443604102 0.2511479871810791 0.31203344569848707 0.3716624556603275 0.4297949120891717 0.48619673610046876 0.5406408174555973 0.5929079290546404 0.6427876096865393 0.6900790114821119 0.7345917086575333 0.7761464642917569 0.8145759520503358 0.8497254299495143 0.8814533634475821 0.9096319953545183 0.9341478602651067 0.954902241444074 0.9718115683235418 0.984807753012208 0.9938384644612541 0.998867339183008 0.9998741276738751 0.9968547759519424 0.9898214418809327 0.9788024462147787 0.9638421585599422 0.9450008187146685 0.9223542941045813 0.8959937742913359 0.8660254037844387 0.8325698546347711 0.7957618405308323 0.755749574354258 0.7126941713788627 0.6667690005162916 0.6181589862206051 0.5670598638627709 0.5136773915734063 0.4582265217274105 0.4009305354066132 0.34202014332566844 0.28173255684143006 0.22031053278654036 0.1580013959733499 0.09505604330418244 0.031727933498067656 -0.0317279334980683 -0.09505604330418263 -0.15800139597335008 -0.220310532786541 -0.2817325568414294 -0.34202014332566866 -0.4009305354066142 -0.4582265217274099 -0.5136773915734061 -0.567059863862771 -0.6181589862206056 -0.6667690005162915 -0.7126941713788629 -0.7557495743542587 -0.7957618405308315 -0.8325698546347713 -0.8660254037844388 -0.8959937742913363 -0.9223542941045814 -0.9450008187146683 -0.9638421585599422 -0.9788024462147785 -0.9898214418809327 -0.9968547759519424 -0.9998741276738751 -0.998867339183008 -0.9938384644612541 -0.984807753012208 -0.9718115683235419 0.0
